1.56405698873117
3.54550507735141
1.87941174935557
1.87900907837223
2.04108978475232
2.03153245534324
2.26899684658511
2.27551489784193
3.36142733690749
1.96733583677993
1.57012279497863
2.26778007119361
1.56471930248187
2.27573545502522
3.36126745603893
1.96634009089749
1.96711487525706
1.96865403517763
1.87747691797766
1.91648566495283
1.87686024881406
1.91632095157627
3.92217956460442
1.9385677194583
2.03662397168201
1.88603027317631
2.01697943055363
1.99806636036524
3.92165205725464
1.93859303961196
2.03751614651108
1.88600629909754
1.99657871379699
2.01777641333424
1.84829299819278
1.84782755766402
4.41960020155664
4.4038216761776
4.75464738351994
2.0267579233881
2.76180868792037
1.77577315866079
2.76759829151176
4.75702173548172
2.02867615024119
1.98927912226229
2.76891289428758
4.7604893141652
4.39987072503418
1.87859370269438
2.02396997297966
2.76962171198069
4.76097661845326
4.40240249456371
1.999950058609
2.02692748137008
3.31057329944163
2.76831590165859
2.76070995179048
2.77011431394338
2.76883425428733
1.77668462069046
1.99885099252898
1.87846311881944
1.99097857404794
1.88232875248391
1.88295091593579
3.36031135137807
3.35886518537721
2.27947984502377
1.5740793659902
2.27931004742237
2.26623873852856
2.26859405192815
1.57516236119456
1.56027071558731
2.27931004742237
1.87846311881944
1.56027071558731
1.99097857404794
3.36031135137807
1.999950058609
3.31057329944163
2.26623873852856
2.26859405192815
4.39987072503418
2.02396997297966
2.77011431394338
2.01777641333424
1.88295091593579
2.02867615024119
2.76891289428758
1.5740793659902
2.26623873852856
4.40240249456371
4.76097661845326
1.99885099252898
1.88232875248391
1.56027071558731
2.27947984502377
1.57516236119456
2.76883425428733
2.27947984502377
1.88295091593579
3.35886518537721
2.76070995179048
2.77011431394338
1.87846311881944
1.77668462069046
4.7604893141652
2.02692748137008
4.41960020155664
4.75464738351994
1.84829299819278
1.98927912226229
2.26859405192815
1.57516236119456
2.27931004742237
1.5740793659902
2.76962171198069
2.76759829151176
1.84782755766402
2.0267579233881
3.35886518537721
1.99657871379699
1.77668462069046
1.88600629909754
2.76883425428733
2.76070995179048
2.76831590165859
4.75702173548172
4.4038216761776
2.76180868792037
1.57516236119456
1.5740793659902
2.26859405192815
2.27931004742237
1.87859370269438
1.77577315866079
1.88232875248391
1.99885099252898
3.36031135137807
1.99097857404794
2.26623873852856
1.56027071558731
