1.53155175983714
3.47182013178063
1.84035261689487
1.83995831447647
1.99867055634526
1.98931185344551
2.22184110840583
2.22822369736839
3.29156801222555
1.92644940991269
1.53749150263428
2.22064962081580
1.53220030896147
2.22843967079177
3.29141145410307
1.92547435825562
1.92623304055297
1.92774021267138
1.83845799641545
1.87665603875618
1.83785414326333
1.87649474855796
3.84066632983771
1.89827916993512
1.99429755464762
1.84683359033651
1.97506127888968
1.95654127217659
3.84014978548178
1.89830396386922
1.99517118773093
1.84681011450232
1.95508454282719
1.97584169826634
1.80988059544636
1.80942482799923
4.32774925417637
4.31229864816519
4.65583327212551
1.98463654885560
2.70441102005457
1.73886790942625
2.71008030041522
4.65815827879198
1.98651490989601
1.94793665605477
2.71136758227854
4.66155379204586
4.30842980820582
1.83955157140062
1.98190653940892
2.71206166887073
4.66203096886571
4.31090896088785
1.95838582220323
1.98480258297556
3.24177085576845
2.71078299673075
2.70333511855900
2.71254403326556
2.71129057662489
1.73976042887128
1.95730959761477
1.83942370140297
1.94960078875059
1.84320899700560
1.84381823026021
3.29047521981846
3.28905910896087
2.23210624249159
1.54136584566612
2.23193997373213
2.21914032110827
2.22144668488408
1.54242633337410
1.52784417543422
